1
2
112 42 83 119
56 125 56 49
15 78 101 43
62 98 114 108

Sample Output

414
Explanation

We start out with the following  2n* 2n matrix:

We can perform the following operations to maximize the sum of the n*n  submatrix in the upper-left corner:
1.Reverse column  2(83,56,101,11) -> (114,10156,83), resulting in the matrix:
112 42 114 119
56 125 101 49
15 78 56 43
62 98 83 108
2.Reverse row  0(112,142,114,119) -> [119,114,42,112], resulting in the matrix:
119 114 42 112
56 125 101 49
15 78 56 43
62 98 83 108
When we sum the values in the  submatrix in the upper-left quadrant, we get
119+114+56+125.
Thus, we print  on a new line.